            0.299866 0 0 0 -0.000231207 -4.63911e-05  0.000429709 0 0 0   -0.011 -0.02329  0.04412  -0.00178592 -0.000308225   0.00499826   0.0101114 -0.00484617   0.0087173 0 0 0   0.241124 -0.0262171     -9.806 
                 0.4   0.338832  -0.125149 -0.0487486  0.0061426  -0.017978 -0.0292225 0 0 0   -0.011 -0.02329  0.04412  -0.0089383  -0.0215044 -0.00230059   0.0101113 -0.00484611  0.00871732 -1.37361e-07   2.8186e-07  5.51795e-07   0.241124 -0.0262174     -9.806 
            0.499955    0.17207 -0.0434364 0.00935726 0.0149176 -0.038515 -0.041836 0 0 0   -0.011 -0.02329  0.04412  0.0385935  -0.113463 -0.0701088   0.0105765 -0.00507773  0.00857517 -1.21507e-05   2.3488e-05  1.70902e-05   0.241136 -0.0262397     -9.806 
            0.599855 -0.147631  0.143428  0.127214 0.00520245 -0.0416175 -0.0124955 0 0 0   -0.011 -0.02329  0.04412 -0.00996612  -0.0769944   0.0679754   0.0117283 -0.00558503  0.00822313  0.00152326 -0.00104683 -0.00113562   0.239685 -0.0252175   -9.80604 
            0.699868 -0.174525  0.311045  0.108197 0.000372218   -0.051129  -0.0204695 0 0 0   -0.011 -0.02329  0.04412 -0.0155168 -0.0793937  0.0246285    0.011694 -0.00624742  0.00833211   0.00156971 -0.000256221  8.87861e-05   0.239612 -0.0259727   -9.80604 
            0.799661 -0.186993  0.590506 -0.219356 -0.00614136  -0.0525578  -0.0384186 0 0 0   -0.011 -0.02329  0.04412 -0.0184946 -0.0604448 -0.0266444   0.0114471 -0.00732011  0.00941323 0.00239335 -0.0018719 0.00327821   0.238738 -0.0244123   -9.80606 
            0.899891 -0.307538  0.596785 -0.127461 -0.00796846  -0.0469314  -0.0384797 0 0 0   -0.011 -0.02329  0.04412 -0.0143653 -0.0249029 -0.0225293   0.0117565 -0.00728685  0.00907183  0.00465469  -0.0113111 0.000358608   0.236638 -0.0153372   -9.80613 
             1.00001 -0.188551  0.429414 -0.204981 -0.00668482  -0.0457587  -0.0343388 0 0 0   -0.011 -0.02329  0.04412 -0.00494785  -0.0106684  -0.0090425   0.0114049 -0.00665944   0.0092887  0.00316646  -0.0158259 -0.00357362  0.238187 -0.010996   -9.8061 
             1.09987  0.190735  0.363095 -0.257593 -4.38695e-05   -0.0402758   -0.0460167 0 0 0   -0.011 -0.02329  0.04412  0.0224425 0.00223737 -0.0301329   0.0100659 -0.00646391  0.00942274 -0.00911532  -0.0225293  0.00605485    0.249713 -0.00458146    -9.80582 
             1.19991 -0.345817  0.829335  0.451944  0.0107982 -0.0362678 -0.0447118 0 0 0   -0.011 -0.02329  0.04412  0.0628004  0.0255343 -0.0187564   0.0117386 -0.00780305  0.00725976 -0.0197204 -0.0265003 0.00279121     0.260015 -0.000794597     -9.80555 
             1.29996 -0.243819  0.616306 0.0423637 0.00839797 -0.0279073 -0.0337496 0 0 0   -0.011 -0.02329  0.04412 0.0423263 0.0518993 0.0099303   0.0114641 -0.00708448  0.00848392 -0.00414047  -0.0357826  -0.0152308   0.245643 0.00819589   -9.80592 
             1.40027 -0.144825   0.28028  0.184945  0.0129143 -0.0220856 -0.0339725 0 0 0   -0.011 -0.02329  0.04412  0.0446461  0.0598684 0.00619814   0.0111738 -0.00616046  0.00810874 -0.00477352  -0.0360794  -0.0131218   0.246184 0.00847582   -9.80591 
             1.49985   0.257231   0.128785 -0.0413727  0.0156806   -0.01841 -0.0398804 0 0 0   -0.011 -0.02329  0.04412   0.0426825    0.052109 -0.00733517   0.0100368 -0.00574562  0.00873345 -0.00299547  -0.0333942 -0.00345524    0.24416 0.00587786   -9.80596 
             1.59992 0.00850825   0.281891   0.401454   0.0154805 -0.00949814  -0.0371082 0 0 0   -0.011 -0.02329  0.04412  0.0359949  0.0701101 0.00295565   0.0107489 -0.00615683  0.00748356  0.00295687   -0.036945 -0.00832612   0.238589 0.00928077   -9.80609 
             1.69989 0.00798061   0.365096   0.167696  0.0111231 -0.0145654   -0.03652 0 0 0   -0.011 -0.02329  0.04412  0.0219269  0.0460918 0.00826714   0.0106919 -0.00633147  0.00811848   0.0116204  -0.0240291 -0.00903431    0.230341 -0.00317486    -9.80629 
             1.79992   0.238377  0.0966174 -0.0690959 0.00795165 -0.0178139  -0.043572 0 0 0   -0.011 -0.02329  0.04412  0.00560977    0.022989 -0.00856517  0.0100354 -0.0055574 0.00875059  0.0162231 -0.0169804 0.00149156     0.22566 -0.00999637     -9.8064 
             1.90001    0.297598    0.181218 -0.00292805 0.00799175 -0.0229089 -0.0469298 0 0 0   -0.011 -0.02329  0.04412 0.00440819 0.00161817 -0.0165005 0.00986121 -0.0058002 0.00855959   0.016757 -0.0106341 0.00433271   0.225137 -0.0160936    -9.8064 
             1.99989 0.0287864  0.337594 -0.078592 0.00114404 -0.0322907 -0.0400771 0 0 0   -0.011 -0.02329  0.04412 -0.0116504 -0.0161595 0.00234294  0.0104914 -0.0061765 0.00873849   0.0231341 -0.00244949 -0.00647026  0.219389 -0.024047  -9.80652 
             2.10001  0.113999  0.222424 -0.130137 0.00241333 -0.0355328 -0.0388757 0 0 0   -0.011 -0.02329  0.04412 -0.00747675  -0.0220357  0.00806367  0.0102557 -0.0058747 0.00887997   0.0210633 -0.00136241 -0.00740992   0.221416 -0.0250688   -9.80647 
             2.19987  0.139539  0.339309 0.0178076 0.00256975 -0.0349354 -0.0437206 0 0 0   -0.011 -0.02329  0.04412 -0.00293412  -0.0183884 -0.00141278   0.0102248 -0.00617676  0.00849404   0.0204534 -0.00347891 -0.00108387   0.221836 -0.0230096   -9.80646 
             2.29998  0.129169  0.244418 0.0578811 0.00305039 -0.0310296 -0.0421484 0 0 0   -0.011 -0.02329  0.04412  -0.0037046 -0.00685417 0.000559395   0.0102602 -0.00595527  0.00840382   0.0199238 -0.00728912 -0.00298149  0.222392 -0.019362  -9.80646 
              2.4018 0.0528029  0.233803 0.0596899 0.00546061 -0.0363926 -0.0380624 0 0 0   -0.011 -0.02329  0.04412  0.0016142 -0.0168322 0.00718614   0.0104203 -0.00592961  0.00840451   0.0181554 -0.00428147 -0.00687099   0.224161 -0.0222838   -9.80641 
                 2.5  0.233689  0.369786 0.0556906 0.00587934 -0.0357006 -0.0449285 0 0 0   -0.011 -0.02329  0.04412   0.0078221   -0.016091 -0.00624467   0.0100027 -0.00623588  0.00841337   0.0180919 -0.00586053 0.000382028    0.22408 -0.0207073   -9.80642 
             2.59992 0.173427 0.324539 0.067589 0.00844663 -0.0341071 -0.0500339 0 0 0   -0.011 -0.02329  0.04412  0.0144524 -0.0104323 -0.0121806   0.0101781 -0.00610786  0.00838811  0.0169948 -0.0076541 0.00450599   0.225064 -0.0189539    -9.8064 
             2.69986   0.159043   0.327929 -0.0403188 0.00476032 -0.0340262 -0.0426161 0 0 0   -0.011 -0.02329  0.04412  0.00070138 -0.00771298  0.00712298   0.0101874 -0.00613159   0.0086519   0.0199853 -0.00833469 -0.00284891   0.222352 -0.0183662   -9.80646 
             2.79988   0.148451   0.234925 -0.0473612 0.00622497 -0.0345183 -0.0376916 0 0 0   -0.011 -0.02329  0.04412 0.000529634 -0.00795076   0.0150367   0.0102061 -0.00593137  0.00866829   0.0192207 -0.00849242 -0.00617376    0.22315 -0.0182672   -9.80644 
             2.89989  0.18617  0.51706 0.349778  0.0100223 -0.0297508 -0.0450461 0 0 0   -0.011 -0.02329  0.04412   0.0174004  0.00120937 -0.00205295   0.0101578 -0.00659141  0.00773816   0.0175622  -0.0111286 0.000684258   0.224629 -0.0156537   -9.80642 
             2.99986     0.231316     0.245405 -0.000933445 0.00801948 -0.0289905 -0.0446024 0 0 0   -0.011 -0.02329  0.04412  0.0073304 0.00186396 0.00238872   0.0100586 -0.00602799  0.00845348   0.0192192  -0.0115412 0.000279718   0.223056 -0.0152537   -9.80645 
             3.10002   0.119101   0.182847 -0.0237852 0.00400015  -0.027441 -0.0416214 0 0 0   -0.011 -0.02329  0.04412 -0.00688372   0.0061492   0.0110903   0.0103017 -0.00588874  0.00850906   0.0214333  -0.0121523 -0.00174612   0.220983 -0.0146976    -9.8065 
             3.19999    0.321349    0.228841 -0.00132231 0.00485702 -0.0316909 -0.0480599 0 0 0   -0.011 -0.02329  0.04412  -0.0025843  -0.0110221 -0.00344221  0.00986516 -0.00598937  0.00846106  0.0205877 -0.0102288 0.00318359   0.221686 -0.0164533   -9.80648 
             3.29992 0.183234 0.348218 0.114819 0.00517818 -0.0319289  -0.047008 0 0 0   -0.011 -0.02329  0.04412 0.000340771 -0.00933556 -0.00268207  0.0101808 -0.0062636 0.00821158  0.0204963 -0.0105143 0.00226847   0.221792 -0.0161962   -9.80648 
             3.39999    0.215327 -0.00370434  -0.0212702 0.00868183 -0.0353965 -0.0402368 0 0 0   -0.011 -0.02329  0.04412 0.000311986  -0.0157669    0.010097   0.0100996 -0.00552231  0.00849479   0.0188528 -0.00956642 -0.00168314    0.22344 -0.0171724   -9.80644 
             3.49989   0.297337   0.145963 -0.0138252 0.00706163 -0.0363186 -0.0438101 0 0 0   -0.011 -0.02329  0.04412 -0.00221748  -0.0174957  0.00466425  0.00992846 -0.00583294  0.00848202    0.019493 -0.00989613  0.00102885   0.222777 -0.0168087   -9.80646 
             3.60004   0.270195   0.161789 -0.0346875 0.00605829 -0.0356552 -0.0440238 0 0 0   -0.011 -0.02329  0.04412 -0.00569556  -0.0149111  0.00601214  0.00999642 -0.00586693  0.00853213  0.0197566 -0.0108584  0.0013742  0.222521 -0.015883  -9.80646 
              3.7001  0.143084  0.331879 0.0408734 0.00273043 -0.0320139 -0.0398451 0 0 0   -0.011 -0.02329  0.04412 -0.0121822 -0.0027776  0.0112149   0.0102701 -0.00624725  0.00837818    0.0210158   -0.0127192 -0.000884735   0.221355 -0.0141468   -9.80649 
             3.79975   0.23008 0.0807031  0.143686 0.00682493 -0.0295338 -0.0354129 0 0 0   -0.011 -0.02329  0.04412 -0.00644591 0.000155033   0.0163108    0.010102 -0.00576374  0.00818878   0.0188987  -0.0137405 -0.00255691  0.223405 -0.013214  -9.80645 
             3.89994   0.25869  0.161896 0.0949529 0.00459216 -0.0260375 -0.0427264 0 0 0   -0.011 -0.02329  0.04412 -0.00806513   0.0054987  0.00126719   0.0100615 -0.00591827  0.00829731   0.019401    -0.0149 0.00225426   0.222872 -0.0120123   -9.80646 
              3.9999  0.257332 0.0418109  -0.11381  0.0051341 -0.0292906 -0.0407585 0 0 0   -0.011 -0.02329  0.04412 -0.00899057  -0.0037358  0.00807273   0.0100641 -0.00567027  0.00871504  0.0187754 -0.0136975 0.00144815   0.223475 -0.0131749   -9.80645 
                 4.1   0.15428  0.342476 0.0896231 0.00255867 -0.0368236 -0.0416346 0 0 0   -0.011 -0.02329  0.04412 -0.00911731  -0.0190884  0.00663918   0.0102806 -0.00627955  0.00830142  0.0194532  -0.011374 0.00224087   0.222819 -0.0153719   -9.80646 
             4.19996 0.262929 0.319361 0.172898 0.00720472 -0.0367963 -0.0490738 0 0 0   -0.011 -0.02329  0.04412  0.00567975  -0.0204788 -0.00971075   0.0100778 -0.00623976  0.00813756  0.0175347 -0.0120145  0.0061465   0.224615 -0.0146875   -9.80642 
             4.29994   0.474148 -0.0886883  -0.128991 0.00887344 -0.0365683 -0.0473206 0 0 0   -0.011 -0.02329  0.04412 -0.000628428    -0.022408  -0.00579983  0.00965086 -0.00540457   0.0087543  0.0169303 -0.0128766 0.00499849   0.225201 -0.0138885    -9.8064 
             4.39991  0.227391  0.305245 0.0259463 0.00572063  -0.035201 -0.0443323 0 0 0   -0.011 -0.02329  0.04412 -0.00384377  -0.0122535  0.00300242   0.0101471 -0.00618387  0.00845413  0.0181659 -0.0139103 0.00337501   0.224041 -0.0129418   -9.80643 
             4.49988  0.279641  0.185059 0.0510398 0.00489478 -0.0340797 -0.0450839 0 0 0   -0.011 -0.02329  0.04412 -0.00701302 -0.00979424  0.00337863    0.010048 -0.00593858  0.00840973  0.0182208 -0.0146683 0.00387502   0.223985 -0.0122112   -9.80643 
             4.59984  0.396826  0.199208 0.0136076 0.00443739 -0.0323648 -0.0497724 0 0 0   -0.011 -0.02329  0.04412 -0.00692083 -0.00961952 -0.00531263  0.00983105 -0.00596846  0.00849165  0.0181046 -0.0155361 0.00602365   0.224077 -0.0113402   -9.80643 
             4.69989  0.326783   0.32489 0.0922433 0.00105204 -0.0300048 -0.0538715 0 0 0   -0.011 -0.02329  0.04412  -0.0104183 -0.00560569  -0.0133099   0.0099806 -0.00621382  0.00834785  0.0190206  -0.016489 0.00741277   0.223196 -0.0104045   -9.80645 
             4.79982  0.10126 0.606488 0.270421 0.00195741 -0.0345581 -0.0531315 0 0 0   -0.011 -0.02329  0.04412 0.00268965 -0.0106148 -0.0106388   0.0104056 -0.00673532  0.00802307  0.0186402  -0.015272 0.00664352   0.223563 -0.0115763   -9.80645 
             4.89991   0.32028  0.427197 0.0111502 0.00156831 -0.0357242 -0.0577774 0 0 0   -0.011 -0.02329  0.04412 0.00458679  -0.014663 -0.0144477  0.00999296 -0.00637377  0.00851713  0.0187645 -0.0153505 0.00814142   0.223424 -0.0114651   -9.80645 
             4.99998   0.361835   0.401015 -0.0326768 0.00427936 -0.0367142 -0.0575998 0 0 0   -0.011 -0.02329  0.04412   0.0116353  -0.0161165 -0.00812665  0.00991868 -0.00632595  0.00860013  0.0181471 -0.0155343 0.00756534  0.224018 -0.011299  -9.80644 
             5.10042   0.305733   0.411479 -0.0857426 0.00200371  -0.035367 -0.0534303 0 0 0   -0.011 -0.02329  0.04412   0.0042195  -0.0114276 0.000302675    0.010025 -0.00634484  0.00870392   0.019205 -0.0163621 0.00551609   0.223063 -0.0105781   -9.80646 
             5.19995  0.391277  0.315228 0.0447666 0.00240141 -0.0274169 -0.0536909 0 0 0   -0.011 -0.02329  0.04412   0.00337654   0.00399139 -0.000931335 0.00989191 -0.0061728 0.00846923  0.0192495 -0.0187003 0.00559902    0.223007 -0.00836534    -9.80646 
             5.29986 0.501861 0.368665  0.05361 0.00243975 -0.0248654 -0.0571188 0 0 0   -0.011 -0.02329  0.04412  0.00622875  0.00293207 -0.00614667  0.00969862 -0.00625986  0.00845649  0.0193577 -0.0193011 0.00687388    0.222863 -0.00776665    -9.80646 
             5.40002 0.458867  0.55892 0.225009 0.00398302 -0.0252774 -0.0619059 0 0 0   -0.011 -0.02329  0.04412   0.0158005 -0.00238552  -0.0122307  0.00978842 -0.00659686  0.00815324  0.0191884 -0.0191402 0.00841161    0.222968 -0.00787777    -9.80646 
             5.49993 0.199278 0.336131   0.2292  0.0064463 -0.0266772 -0.0543948 0 0 0   -0.011 -0.02329  0.04412   0.0139545 -0.00153415  0.00433088    0.010248 -0.00619551  0.00815296  0.0189745 -0.0188392 0.00531565    0.223286 -0.00825068    -9.80645 
             5.59997  0.373822  0.471416 0.0750989  0.0060361 -0.0292273 -0.0557993 0 0 0   -0.011 -0.02329  0.04412   0.0138686  -0.0112895 0.000544783  0.00993742 -0.00643303  0.00843521   0.019497 -0.0183654 0.00587792    0.222777 -0.00868619    -9.80647 
             5.69988  0.410195  0.496023 0.0458676 0.00575356 -0.0307719 -0.0591276 0 0 0   -0.011 -0.02329  0.04412   0.0150416  -0.0163329 -0.00649121  0.00987823 -0.00646446  0.00849214  0.0199473 -0.0182975 0.00702732    0.222306 -0.00872295    -9.80648 
             5.79974   0.458732   0.266809 -0.0565108 0.00615439 -0.0309285 -0.0540899 0 0 0   -0.011 -0.02329  0.04412  0.0103882 -0.0158378 0.00637038  0.00979482 -0.00605742  0.00867024  0.0202077 -0.0187281 0.00516406    0.222131 -0.00838515    -9.80648 
             5.89969 0.375923 0.234253 0.150637 0.00791227  -0.032556 -0.0539277 0 0 0   -0.011 -0.02329  0.04412  0.0111094 -0.0179121 0.00822945  0.00994366 -0.00600012  0.00831582  0.0200006 -0.0187193 0.00535926    0.222318 -0.00838217    -9.80648 
             5.99985  0.438554   0.11308 -0.178127 0.00928421 -0.0404322 -0.0542558 0 0 0   -0.011 -0.02329  0.04412 0.00780749 -0.0356437 0.00480505  0.00983149 -0.00579807  0.00887625  0.0198328  -0.017477 0.00572704   0.222484 -0.0095325   -9.80647 
             6.09984 0.222209 0.427127 0.166082 0.00826389 -0.0392236 -0.0518813 0 0 0   -0.011 -0.02329  0.04412 0.00654971 -0.0243522   0.007648    0.010209 -0.00633227  0.00829612  0.0204063  -0.018483 0.00507822    0.221954 -0.00861967    -9.80648 
             6.20133 0.0541865  0.483613   0.16207  0.0056508 -0.0432021 -0.0422511 0 0 0   -0.011 -0.02329  0.04412 0.00210051  -0.022304  0.0246808   0.0104888 -0.00641897  0.00830778  0.0213004 -0.0181596 0.00221775    0.221213 -0.00903016     -9.8065 
             6.29997   0.327501   0.133301 0.00487316 0.00610518 -0.0369377 -0.0391454 0 0 0   -0.011 -0.02329  0.04412 -0.00290329 -0.00755109   0.0286084    0.010043 -0.00582441  0.00857389  0.0211087 -0.0199996 0.00205993    0.221381 -0.00730718     -9.8065 
             6.39999   0.432486  0.0338005 0.00189979 0.00956447 -0.0375154 -0.0413905 0 0 0   -0.011 -0.02329  0.04412 0.00128056 -0.0126223  0.0205652  0.00987549 -0.00566789  0.00858149  0.0201421 -0.0200659 0.00367547     0.22224 -0.00719305    -9.80648 
             6.49991  0.328583  0.250859 0.0325342 0.00728732 -0.0375934  -0.040825 0 0 0   -0.011 -0.02329  0.04412 -0.00323263  -0.0113968   0.0175169   0.0100551 -0.00602587  0.00853365  0.0207144 -0.0202954 0.00406632     0.22169 -0.00697246    -9.80649 
              6.5999    0.202105 -0.00467484  -0.0310029  0.0074356 -0.0378293 -0.0337639 0 0 0   -0.011 -0.02329  0.04412 -0.00961837 -0.00787673   0.0261627   0.0102623 -0.00561559  0.00863606  0.0205566 -0.0204611 0.00249753    0.221868 -0.00685402    -9.80649 
             6.69989    0.24914   0.342917 -0.0369092 0.00270975 -0.0362843 -0.0389528 0 0 0   -0.011 -0.02329  0.04412 -0.0118414  -0.004225  0.0136537   0.0101949 -0.00616439  0.00865098  0.0214157 -0.0209007 0.00478321    0.221027 -0.00639646    -9.80651 
             6.79986 0.328664  0.30094 0.120036 0.00116093 -0.0317634 -0.0428478 0 0 0   -0.011 -0.02329  0.04412 -0.0115642 0.00345313 0.00746021   0.0100797 -0.00609215  0.00841267  0.0214622 -0.0218665 0.00629129    0.220969 -0.00546523    -9.80651 
             6.89995  0.187996  0.429724 0.0760572 -0.00132661  -0.0300917  -0.0426912 0 0 0   -0.011 -0.02329  0.04412  -0.013399 0.00718247 0.00715153   0.0103051 -0.00629519  0.00848196  0.0217692 -0.0220956 0.00639212    0.220681 -0.00524984    -9.80652 
             6.99983  0.306266  0.167423 0.0443999 0.00118273 -0.0260573 -0.0447867 0 0 0   -0.011 -0.02329  0.04412 -0.00899513   0.0109528 0.000825267    0.010136 -0.00593478  0.00852887  0.0209054 -0.0227244 0.00717457    0.221481 -0.00464959     -9.8065 
             7.09981   0.376197    0.11966 -0.0427421 0.00325707 -0.0275707 -0.0476192 0 0 0   -0.011 -0.02329  0.04412 -0.00374377  0.00207498  -0.0055224    0.010029 -0.00586323  0.00866682  0.0202802  -0.022276 0.00803619    0.222058 -0.00505046    -9.80648 
             7.20004 0.179781 0.407142  0.17498 0.00482766 -0.0298703 -0.0442587 0 0 0   -0.011 -0.02329  0.04412  0.00560936 0.000559681  0.00377298   0.0103346 -0.00630862   0.0083294  0.0200033 -0.0217731 0.00707888    0.222325 -0.00552775    -9.80648 
             7.29994  0.406028 0.0483085 0.0181429  0.0085293 -0.0332554 -0.0463132 0 0 0   -0.011 -0.02329  0.04412  0.00665423  -0.0116653 0.000618083  0.00999023 -0.00574794  0.00857818  0.0192355 -0.0212584 0.00776582    0.223036 -0.00598799    -9.80646 
              7.3998   0.41414 0.0227416 -0.046226   0.012403 -0.0370699 -0.0455972 0 0 0   -0.011 -0.02329  0.04412  0.00871254   -0.020598 0.000867888  0.00998012 -0.00571973  0.00867966  0.0185639 -0.0208323  0.0076179    0.223665 -0.00637413    -9.80645 
             7.49979   0.321376  0.0908879 -0.0992492 0.00854001  -0.036176 -0.0414954 0 0 0   -0.011 -0.02329  0.04412 -0.00466449  -0.0138122  0.00731214   0.0101223 -0.00582858  0.00876228   0.019486 -0.0213376 0.00655189    0.222808 -0.00593706    -9.80647 
             7.59987 0.232411  0.46993 0.180601 0.00626974 -0.0336375 -0.0444586 0 0 0   -0.011 -0.02329  0.04412 -0.00118979 -0.00456579  0.00122697   0.0102552 -0.00637068  0.00836624  0.0199648  -0.021957 0.00748006    0.222359 -0.00535526    -9.80648 
             7.69997  0.505632  0.192738 0.0238085 0.00685007 -0.0305615 -0.0487839 0 0 0   -0.011 -0.02329  0.04412 -0.00177731  -0.0037979   -0.005097  0.00985041 -0.00594932  0.00860422  0.0197448 -0.0226309 0.00861803    0.222562 -0.00471159    -9.80647 
             7.79967   0.520885   0.161164 -0.0328509  0.0066284 -0.0250862 -0.0517811 0 0 0   -0.011 -0.02329  0.04412  -0.0045228  0.00351181 -0.00731259  0.00983795 -0.00590374  0.00868793  0.0197143  -0.023631 0.00918251   0.222585 -0.0037787   -9.80647 
             7.89983 0.446598 0.321903 0.020993 0.000582564  -0.0245436   -0.053343 0 0 0   -0.011 -0.02329  0.04412  -0.0164825 0.000992677   -0.010325    0.009949 -0.00614468  0.00861284  0.0207651 -0.0236847 0.00925747   0.221614 -0.0037374    -9.8065 
             7.99995  0.367355   0.48026 0.0383618 -0.00298621  -0.0247249   -0.051908 0 0 0   -0.011 -0.02329  0.04412     -0.01714 -6.37152e-05   -0.0079963   0.0100649 -0.00637603  0.00859141  0.0211896 -0.0236469 0.00865048    0.221224 -0.00379312     -9.8065 
             8.09986  0.390703  0.355519 -0.140123 -0.00161985  -0.0287696  -0.0519399 0 0 0   -0.011 -0.02329  0.04412 -0.00919607  -0.0102251  -0.0062717   0.0100248 -0.00618025  0.00885674  0.0206197 -0.0230267 0.00858309    0.221749 -0.00435938    -9.80649 
             8.19997  0.407083  0.387282 0.0431966 -0.000972083   -0.0268019   -0.0480681 0 0 0   -0.011 -0.02329  0.04412 -0.00408872 -0.00478691  0.00544979   0.0100066 -0.00622525  0.00859463  0.0203904 -0.0235356 0.00759029    0.221974 -0.00392603    -9.80649 
             8.29983   0.476286   0.135411 -0.0196475 0.00249378 -0.0322164 -0.0462884 0 0 0   -0.011 -0.02329  0.04412 -0.000441616     -0.01997   0.00752494 0.00990776 -0.0058684 0.00868555  0.0196416 -0.0228081  0.0073299    0.222658 -0.00460404    -9.80647 
             8.39981 0.368645  0.14877 0.115996 0.00790459 -0.0328157 -0.0450609 0 0 0   -0.011 -0.02329  0.04412 0.00870518 -0.0186028 0.00607138   0.0100638 -0.00589426  0.00849594  0.0187142 -0.0230188 0.00726454     0.22351 -0.00441735    -9.80645 
             8.49996   0.385422   0.225426 -0.0863545 0.00412088 -0.0294543  -0.050772 0 0 0   -0.011 -0.02329  0.04412 0.000421672 -0.00992376 -0.00518163   0.0100493 -0.00599384  0.00878741  0.0194877 -0.0238062 0.00868424    0.222776 -0.00363646    -9.80647 
             8.59985 0.337718 0.460029 0.081824 0.00111941 -0.0288164 -0.0520047 0 0 0   -0.011 -0.02329  0.04412 -0.000466981  -0.00688865  -0.00449681   0.0101198 -0.00630688   0.0085638  0.0200687 -0.0240453 0.00883139    0.222241 -0.00341053    -9.80648 
             8.69989 0.403974 0.340217 0.114559 0.00193538 -0.0260718 -0.0531918 0 0 0   -0.011 -0.02329  0.04412 0.000668891 -0.00264299  -0.0038576   0.0100344 -0.00614062  0.00852779  0.0198889 -0.0245943 0.00899162    0.222405 -0.00290277    -9.80648 
             8.79958   0.480319   0.393358 -0.0631615 -0.000849941   -0.0277541   -0.0570999 0 0 0   -0.011 -0.02329  0.04412 -0.00304408  -0.0103296 -0.00980167  0.00994405 -0.00621433  0.00875533   0.020337 -0.0244163 0.00968281    0.221979 -0.00303962    -9.80649 
             8.89993 0.320973  0.50938 0.194332 -0.00233899  -0.0259027  -0.0556994 0 0 0   -0.011 -0.02329  0.04412 -0.00272416 -0.00339724 -0.00656708   0.0101692 -0.00637448  0.00840866  0.0206094 -0.0248251 0.00912975  0.221742 -0.002691  -9.80649 
             8.99988  0.32558  0.47388 0.156673 0.000210034  -0.0284308   -0.052213 0 0 0   -0.011 -0.02329  0.04412  0.00527424 -0.00818988 -0.00115705   0.0101667 -0.00632296  0.00846371  0.0202179 -0.0245243 0.00833482    0.222125 -0.00299001    -9.80648 
             9.09993  0.521356 0.0565289 -0.162719 0.00684993 -0.0311303   -0.04806 0 0 0   -0.011 -0.02329  0.04412  0.0116119 -0.0166971  0.0066118  0.00989973 -0.00574914  0.00889881  0.0191843 -0.0243201 0.00760264    0.223093 -0.00317947    -9.80646 
             9.19987   0.376802   0.230218 -0.0190864 0.00643101 -0.0330163 -0.0457504 0 0 0   -0.011 -0.02329  0.04412 0.00868336 -0.0172726  0.0125457   0.0100989 -0.00598309  0.00870818  0.0194636 -0.0242862 0.00726389    0.222853 -0.00322958    -9.80647 
             9.29979  0.397212   0.30564 0.0711621 0.00481396 -0.0312637 -0.0439865 0 0 0   -0.011 -0.02329  0.04412 0.00240396 -0.0121145  0.0124674  0.0100759 -0.0060912 0.00858848  0.0198634 -0.0247975 0.00709055    0.222487 -0.00278153    -9.80648 
             9.39994 0.412032 0.177241 0.113206 0.00680244 -0.0284333  -0.041182 0 0 0   -0.011 -0.02329  0.04412  0.00323942 -0.00577578   0.0140462   0.0100596 -0.00593099  0.00853617  0.0195896 -0.0253662 0.00680493    0.222737 -0.00227211    -9.80647 
             9.49989     0.4418   0.300025 -0.0947776 0.00332528 -0.0280196 -0.0444189 0 0 0   -0.011 -0.02329  0.04412 -0.00149617 -0.00656229  0.00730533   0.0100224 -0.00608629  0.00881322  0.0201587 -0.0255121 0.00770007    0.222189 -0.00211997    -9.80648 
             9.59984 0.334705 0.262755 0.062124 0.00305232 -0.0306488 -0.0426786 0 0 0   -0.011 -0.02329  0.04412 -0.00199208  -0.0106774   0.0123185   0.0101633 -0.00603924  0.00861162  0.0201641 -0.0252409 0.00753077    0.222193 -0.00237024    -9.80648 
             9.69987 0.365866 0.243134 0.135583 0.00603346 -0.0302507 -0.0439952 0 0 0   -0.011 -0.02329  0.04412 0.00319994 -0.0108459 0.00766198   0.0101264 -0.00602119   0.0085192  0.0196739 -0.0254401 0.00800415   0.222624 -0.0021687   -9.80647 
             9.80049 0.477151 0.302661 0.109297 0.00827473 -0.0310883 -0.0484151 0 0 0   -0.011 -0.02329  0.04412  0.00896091  -0.0156646 -0.00426976  0.00999113 -0.00610162  0.00855579  0.0194063 -0.0254793 0.00896483    0.222846 -0.00209811    -9.80647 
             9.90054   0.564258   0.201261 -0.0165967 0.00598732 -0.0288791 -0.0498338 0 0 0   -0.011 -0.02329  0.04412  0.00047782  -0.0128277 -0.00615978  0.00988368 -0.00596576  0.00871766  0.0198377 -0.0260258 0.00912531    0.222443 -0.00161126    -9.80648 
              9.9998  0.47117 0.130202 0.100123 0.00820322 -0.0280795 -0.0492891 0 0 0   -0.011 -0.02329  0.04412  0.00279704  -0.0102714 -0.00439507   0.0100071 -0.00587712  0.00857218  0.0195201 -0.0262943 0.00895921    0.222726 -0.00136885    -9.80647 
                10.1  0.519187  0.139918 0.0982251 0.00885366 -0.0288722 -0.0506288 0 0 0   -0.011 -0.02329  0.04412  0.00256609  -0.0135643 -0.00363214   0.0099493 -0.00588842  0.00857821  0.0194478 -0.0263526 0.00913603    0.222788 -0.00130785    -9.80647 
             10.2006   0.458076   0.118855 -0.0677828 0.00875787 -0.0299911 -0.0507114 0 0 0   -0.011 -0.02329  0.04412 -0.00164369  -0.0155563 -0.00179373   0.0100296 -0.00586032  0.00879244  0.0194604 -0.0264026 0.00906741   0.222776 -0.0012666   -9.80647 
             10.2997 0.316511 0.388211 0.217649 0.00462237 -0.0280632 -0.0512214 0 0 0   -0.011 -0.02329  0.04412 -0.00745582 -0.00805773 -0.00373233   0.0102117 -0.00620096  0.00844499  0.0200663 -0.0268338 0.00904521    0.222218 -0.00090446    -9.80648 
             10.3999   0.44959   0.12266 -0.048631 0.00473193  -0.031167 -0.0471589 0 0 0   -0.011 -0.02329  0.04412 -0.0105823 -0.0151637 0.00339877   0.0100421 -0.00586196  0.00878117  0.0198908 -0.0266077 0.00830748    0.222382 -0.00113409    -9.80648 
             10.4999  0.494771  0.231906 -0.114515 0.00417917 -0.0301729 -0.0517751 0 0 0   -0.011 -0.02329  0.04412 -0.00746001  -0.0140803 -0.00265403   0.0099889 -0.00598992  0.00886628  0.0198199 -0.0269171 0.00919184     0.222437 -0.000816509     -9.80648 
             10.5998    0.500471    0.391657 -0.00446688 0.000837623  -0.0301468  -0.0525693 0 0 0   -0.011 -0.02329  0.04412  -0.0107787  -0.0146198 -0.00154712  0.00998757 -0.00618711  0.00873225  0.0201981 -0.0271215 0.00922085     0.222095 -0.000643175     -9.80649 
             10.6998  0.383646  0.338227 0.0514579 0.00212773 -0.0350672 -0.0466334 0 0 0   -0.011 -0.02329  0.04412 -0.00803389  -0.0218737  0.00654587    0.010133 -0.00612909  0.00866521  0.0198926 -0.0267191 0.00819069    0.222371 -0.00104147    -9.80648 
             10.7999  0.479847  0.362796 -0.106011 0.000302612   -0.037637  -0.0485679 0 0 0   -0.011 -0.02329  0.04412  -0.00792659   -0.0266147 -0.000353513   0.0100216 -0.00615452  0.00885585  0.0200442  -0.026683 0.00862363    0.222235 -0.00105564    -9.80648 
              10.898   0.425937   0.400975 -0.0898816 0.000198757  -0.0346296  -0.0535598 0 0 0   -0.011 -0.02329  0.04412 -0.00230156  -0.0168851 -0.00870297   0.0100924 -0.00619294  0.00883804  0.0199656 -0.0273472 0.00949568     0.222299 -0.000429131     -9.80648 
             10.9997   0.324699   0.530506 -0.0434691 -0.000410804    -0.033535   -0.0548399 0 0 0   -0.011 -0.02329  0.04412  0.00276358  -0.0100819 -0.00718775   0.0102189 -0.00634619  0.00878464  0.0200652 -0.0276663 0.00957149     0.222215 -0.000143015     -9.80648 
             11.0998   0.557032    0.23215 -0.0470924 0.00314543 -0.0301587 -0.0520902 0 0 0   -0.011 -0.02329  0.04412  0.00504699 -0.00634257 0.000175136  0.00994044 -0.00598561  0.00878917  0.0195992 -0.0282699  0.0089964    0.222652 0.000359376    -9.80647 
             11.1999  0.510052  0.373449 -0.148485 0.000673044  -0.0317113  -0.0583071 0 0 0   -0.011 -0.02329  0.04412 0.00225681 -0.0125308  -0.011135   0.0100002 -0.00615265  0.00891043  0.0199803 -0.0281443 0.00996259    0.222285 0.000295652    -9.80648 
             11.2997  0.428375  0.392118 0.0758852 0.00333352 -0.0293925 -0.0572499 0 0 0   -0.011 -0.02329  0.04412  0.00854377 -0.00627113  -0.0107177   0.0101011 -0.00617887  0.00864142  0.0197192 -0.0285681 0.00959566    0.222541 0.000646563    -9.80648 
             11.3998  0.370977  0.314786 0.0527829 0.00572029 -0.0336155 -0.0524964 0 0 0   -0.011 -0.02329  0.04412  0.0116926 -0.0121046 0.00101671   0.0101667 -0.00608136  0.00867121  0.0195317 -0.0281753 0.00871903    0.222726 0.000258974    -9.80647 
             11.4998  0.710869    0.1869 -0.157322 0.00554713 -0.0314465 -0.0526705 0 0 0   -0.011 -0.02329  0.04412 0.00587692 -0.0137468 0.00261242  0.00976762 -0.00592373  0.00891993  0.0196651 -0.0286583  0.0087279    0.222622 0.000684982    -9.80647 
             11.5998   0.487014    0.37329 -0.0618126 0.00539045 -0.0323422 -0.0545549 0 0 0   -0.011 -0.02329  0.04412  0.00736529  -0.0144437 -0.00096231   0.0100361 -0.00614353  0.00881159  0.0197896  -0.028692 0.00902846    0.222501 0.000730006    -9.80648 
             11.6997     0.46645    0.500051 -0.00181586 0.00190138 -0.0292352 -0.0536362 0 0 0   -0.011 -0.02329  0.04412  0.00149755 -0.00692324 -0.00226263   0.0100643 -0.00629034  0.00874103  0.0203851 -0.0292213 0.00877621   0.221998 0.00118686   -9.80649 
                11.8    0.59551   0.235658 -0.0367711 0.00348573 -0.0257734  -0.048372 0 0 0   -0.011 -0.02329  0.04412 0.000810758 -0.00151873  0.00642912  0.00992954 -0.00600303  0.00877333  0.0202078 -0.0297521 0.00793837     0.2222 0.00160315   -9.80648 
             11.9017  0.413317  0.335197 0.0990047 0.00283596 -0.0245189 -0.0505372 0 0 0   -0.011 -0.02329  0.04412 0.00217665 0.00117729 0.00208363   0.0101426 -0.00611049  0.00861985  0.0203058 -0.0298792 0.00837536   0.222098 0.00173844   -9.80649 
             11.9997  0.366626  0.422972 0.0572317 0.000124256  -0.0246853  -0.0492712 0 0 0   -0.011 -0.02329  0.04412 -0.00137107 0.000790856  0.00661479   0.0101948 -0.00620678  0.00867275  0.0206807 -0.0298586 0.00819266   0.221777 0.00171177   -9.80649 
             12.0999  0.506958  0.193287 0.0422837 0.00512122 -0.0287608 -0.0449648 0 0 0   -0.011 -0.02329  0.04412 0.00457688 -0.0121162  0.0118844    0.010038 -0.00594412  0.00868805  0.0200316 -0.0294588 0.00768028   0.222365 0.00134037   -9.80648 
             12.1998   0.487875   0.271264 -0.0827059 0.00407229 -0.0333447 -0.0483536 0 0 0   -0.011 -0.02329  0.04412 0.00274418 -0.0230383 0.00229951   0.0100655 -0.00603489  0.00883448  0.0202035 -0.0290886 0.00833328   0.222192 0.00105243   -9.80648 
             12.2998  0.447862   0.36382 -0.112221 0.00344082 -0.0353159 -0.0531242 0 0 0   -0.011 -0.02329  0.04412   0.0043049   -0.025081 -0.00665993   0.0101117 -0.00613735  0.00886487  0.0203173 -0.0291033 0.00907728   0.222065 0.00110113   -9.80649 
             12.3998  0.390886  0.475192 0.0308876 0.00350123 -0.0370954 -0.0535445 0 0 0   -0.011 -0.02329  0.04412  0.00850106  -0.0238501 -0.00448554   0.0101786 -0.00626028  0.00870229  0.0204018 -0.0291817 0.00904541   0.221991 0.00116597   -9.80649 
             12.4998   0.558274    0.23081 -0.0747279 0.00510865 -0.0311324 -0.0484012 0 0 0   -0.011 -0.02329  0.04412 0.00456482  -0.010703 0.00634416  0.00999822 -0.00599254  0.00881726  0.0202977 -0.0301417 0.00820684  0.222107 0.0019572  -9.80648 
             12.5998 0.447588 0.318847 0.118671 0.00375357 -0.0265524 -0.0492257 0 0 0   -0.011 -0.02329  0.04412    0.0012392 -0.000468015   0.00285188   0.0101227 -0.00609641  0.00861098  0.0205297 -0.0307252 0.00836832   0.221901 0.00246578   -9.80649 
             12.6998    0.405016    0.420455 -0.00894614 0.00310642 -0.0273036 -0.0470884 0 0 0   -0.011 -0.02329  0.04412  0.00205844 -0.00231417  0.00390289   0.0101693 -0.00620842  0.00875323  0.0206607 -0.0306555 0.00809483   0.221798 0.00239367   -9.80649 
             12.7999   0.626722   0.146063 -0.0710258 0.00531436 -0.0287104 -0.0470832 0 0 0   -0.011 -0.02329  0.04412 0.00302881 -0.0105298 0.00334475  0.00992532 -0.00589634  0.00882171  0.0203778 -0.0305773 0.00820189   0.222038 0.00233342   -9.80649 
                12.9  0.489163  0.268204 0.0510952 0.00583425  -0.026931 -0.0486182 0 0 0   -0.011 -0.02329  0.04412 0.00533757 -0.0058612 0.00245887   0.0100808 -0.00602734  0.00868944  0.0203616 -0.0308626 0.00847139   0.222042 0.00258886   -9.80649 
             12.9998  0.732428  0.135945 -0.183079 0.00652948  -0.029295 -0.0523101 0 0 0   -0.011 -0.02329  0.04412  0.00301562  -0.0185239 -0.00338639  0.00982178 -0.00588351  0.00894379  0.0202838 -0.0307291  0.0090177   0.222093 0.00250046   -9.80649 
             13.0998   0.518293   0.302591 -0.0379132 0.00400402 -0.0302472  -0.048173 0 0 0   -0.011 -0.02329  0.04412 -0.00379213   -0.017622  0.00259359  0.0100605 -0.0060714 0.00878807  0.0206547 -0.0308367 0.00833333    0.22179 0.00255436   -9.80649 
             13.1998  0.516758  0.204366 0.0414603 0.00564985 -0.0271752 -0.0466607 0 0 0   -0.011 -0.02329  0.04412 -0.00181034 -0.00989397  0.00328884  0.0100661 -0.0059675 0.00870132  0.0204298 -0.0313422 0.00817499    0.22199 0.00297517   -9.80649 
             13.2997   0.548395    0.28265 -0.0347539 0.00423352 -0.0269578 -0.0504127 0 0 0   -0.011 -0.02329  0.04412 -0.00158802   -0.010879 -0.00260662    0.010035 -0.00604421  0.00878409   0.020565 -0.0314643 0.00875984   0.221867 0.00311283   -9.80649 
             13.4017   0.405005   0.408223 -0.0237438 0.00171588 -0.0274894 -0.0541863 0 0 0   -0.011 -0.02329  0.04412 -0.00253731 -0.00979489 -0.00562379   0.0101929 -0.00617469  0.00877241  0.0208417 -0.0314914 0.00924624   0.221626 0.00316585    -9.8065 
             13.5018  0.371783  0.393822 0.0250623 0.00121671  -0.030227 -0.0491845 0 0 0   -0.011 -0.02329  0.04412 -0.00449034  -0.0137092  0.00376189   0.0102323 -0.00616672  0.00872313  0.0208925 -0.0313493 0.00846043   0.221588 0.00299634    -9.8065 
             13.5998  0.492985  0.388706 0.0137071 0.00200424 -0.0279678 -0.0529517 0 0 0   -0.011 -0.02329  0.04412 0.000514181  -0.0104605 -0.00512884   0.0101045 -0.00616433  0.00873315  0.0207608 -0.0317124 0.00901839   0.221696 0.00333649   -9.80649 
             13.6997  0.631246   0.45073 0.0208105 -0.000722521   -0.0278544   -0.0599363 0 0 0   -0.011 -0.02329  0.04412 0.000570733  -0.0140893  -0.0153858  0.00995944 -0.00622411  0.00872816  0.0210744 -0.0318342 0.00987954   0.221418 0.00348688    -9.8065 
             13.7999  0.472243  0.302983 0.0298339 0.00287137 -0.0288617 -0.0522792 0 0 0   -0.011 -0.02329  0.04412  0.0050351 -0.0115911  0.0016075   0.0101228 -0.00606547  0.00871818  0.0207038 -0.0318942  0.0087189   0.221756 0.00347682   -9.80649 
             13.8998    0.7105  0.217862 -0.170851 0.00348051 -0.0284183 -0.0525536 0 0 0   -0.011 -0.02329  0.04412 0.00299877 -0.0155797 0.00219733  0.00987527 -0.00597464  0.00893267  0.0206631 -0.0321133  0.0087592   0.221788 0.00366343   -9.80649 
             13.9997  0.692237  0.154697 -0.222262 0.00566103  -0.031223 -0.0544648 0 0 0   -0.011 -0.02329  0.04412  0.00471449  -0.0243448 -0.00298406  0.00989896 -0.00591183  0.00898312  0.0204298 -0.0320024 0.00904129   0.221975 0.00359043   -9.80649 
             14.1012   0.528115   0.267086 -0.0281596 0.00618072  -0.030863 -0.0510158 0 0 0   -0.011 -0.02329  0.04412 0.00507353 -0.0190302 0.00136531  0.0100753 -0.0060325 0.00877956   0.020475 -0.0322742 0.00854868   0.221954 0.00378718   -9.80649 
             14.1997    0.62117   0.194998 -0.0641503 0.00523516 -0.0299448 -0.0490057 0 0 0   -0.011 -0.02329  0.04412 -0.000167395   -0.0171616   0.00447312   0.0099865 -0.00595683  0.00881286  0.0206274 -0.0325862 0.00831178   0.221838 0.00403321   -9.80649 
             14.2998   0.571045   0.131471 0.00781523 0.00656076 -0.0287921 -0.0519219 0 0 0   -0.011 -0.02329  0.04412  0.0016412 -0.0139577 0.00020359  0.0100415 -0.0058886 0.00874295  0.0204657 -0.0328502 0.00877167   0.221972 0.00428171   -9.80649 
             14.3998   0.531221    0.33283 -0.0312749 0.00422673 -0.0295179 -0.0534388 0 0 0   -0.011 -0.02329  0.04412  -0.00177782   -0.0152155 -0.000880396   0.0100831 -0.00609866  0.00878471   0.020748 -0.0329197 0.00893104   0.221733 0.00435621   -9.80649 
             14.4997   0.542456  0.0961947 -0.0861443 0.00556167  -0.031858 -0.0472339 0 0 0   -0.011 -0.02329  0.04412 -0.00625101  -0.0194656  0.00795419   0.0100729 -0.00585803  0.00884267  0.0205557 -0.0328985 0.00814585   0.221901 0.00427579   -9.80649 
             14.5997  0.669585  0.135032 -0.232399 0.00271765 -0.0312711 -0.0514062 0 0 0   -0.011 -0.02329  0.04412  -0.0109577  -0.0205775 -0.00111593  0.00994697 -0.00589761  0.00899382  0.0207783 -0.0331434   0.008755   0.221718 0.00452829   -9.80649 
             14.6998  0.650735   0.11682 -0.111791 0.00605191 -0.0320487 -0.0532035 0 0 0   -0.011 -0.02329  0.04412 -0.00244165  -0.0220556 -0.00265987  0.00996664 -0.00587728  0.00887057  0.0203098 -0.0332697 0.00902346   0.222116 0.00464337   -9.80648 
                14.8   0.559695   0.277098 -0.0408207  0.0047439 -0.0310234 -0.0495389 0 0 0   -0.011 -0.02329  0.04412 -0.00521263   -0.016554  0.00610092   0.0100611 -0.00603944  0.00880054  0.0204478 -0.0336066 0.00850216   0.222006 0.00488407   -9.80649 
             14.8997   0.65545 0.0681188 -0.164918 0.00479471 -0.0270132 -0.0461871 0 0 0   -0.011 -0.02329  0.04412  -0.0109445 -0.00957522   0.0106426  0.00996847 -0.00583059  0.00892697  0.0203649 -0.0341919 0.00813847   0.222094 0.00533323   -9.80648 
             14.9997  0.802226 0.0556086  -0.11046 0.00526211  -0.026378 -0.0485466 0 0 0   -0.011 -0.02329  0.04412 -0.0103048 -0.0148489 0.00185393  0.00983639 -0.00582226  0.00887713  0.0201979 -0.0343605 0.00857189   0.222251 0.00550081   -9.80648 
             15.0997     0.628649     0.176592 -0.000213319  0.0066059 -0.0255576 -0.0508861 0 0 0   -0.011 -0.02329  0.04412 -0.00347294  -0.0126071 -0.00272783   0.0100113 -0.00594021  0.00876826  0.0199839 -0.0345497 0.00891791   0.222449 0.00567677   -9.80648 
             15.1998   0.657573   0.182482 -0.0106772 0.00725252 -0.0300607 -0.0487952 0 0 0   -0.011 -0.02329  0.04412 -0.0026813 -0.0231148 0.00219373 0.00998313 -0.0059414 0.00878144  0.0198593 -0.0342998 0.00865432    0.22253 0.00544394   -9.80647 
             15.2997   0.595944   0.159221 -0.0166028 0.00531601 -0.0275363 -0.0459861 0 0 0   -0.011 -0.02329  0.04412 -0.00961449   -0.015279  0.00887386   0.0100463 -0.00592008  0.00878972  0.0200183 -0.0347671 0.00832636   0.222405 0.00579586   -9.80648 
             15.4015   0.722523 -0.0176074  -0.168215 0.00692082  -0.027597 -0.0472303 0 0 0   -0.011 -0.02329  0.04412 -0.0105227  -0.019676 0.00321074  0.00992574 -0.00574979  0.00893964  0.0197224 -0.0349258 0.00858469   0.222664 0.00594648   -9.80647 
             15.4997   0.588109   0.377078 -0.0389738 0.00233073 -0.0275839 -0.0463164 0 0 0   -0.011 -0.02329  0.04412 -0.0144213 -0.0177947 0.00403119   0.0100604 -0.00613671  0.00881789  0.0201362 -0.0351107 0.00847609   0.222324 0.00608901   -9.80648 
             15.5998  0.759918 0.0585101 0.0373517 0.00517203 -0.0253997 -0.0410072 0 0 0   -0.011 -0.02329  0.04412 -0.0113446 -0.0152282  0.0129955 0.00989541 -0.0058258 0.00874237  0.0196649 -0.0355426  0.0079384   0.222695 0.00637844   -9.80647 
             15.6998  0.677989  0.175085 -0.164044 0.00277775 -0.0278208 -0.0444774 0 0 0   -0.011 -0.02329  0.04412 -0.0129468 -0.0214283 0.00702865  0.00997631 -0.00593512  0.00894181  0.0197896 -0.0354437 0.00850324  0.222616 0.0063584  -9.80647 
             15.7999  0.637184  0.241602 -0.167028 0.00117553 -0.0301954 -0.0487724 0 0 0   -0.011 -0.02329  0.04412  -0.0127065   -0.026638 -0.00121416   0.0100206 -0.00600281  0.00894711  0.0198271 -0.0353977 0.00908056   0.222609 0.00638322   -9.80647 
             15.8997    0.5066  0.176016 0.0213381 0.00140945 -0.0270991 -0.0436895 0 0 0   -0.011 -0.02329  0.04412 -0.0134897 -0.0146517 0.00615857   0.0101502 -0.00594298  0.00876411  0.0196816 -0.0359409 0.00846837  0.222714 0.0067542  -9.80647 
             15.9997   0.50956  0.168518 0.0590408 0.00378743 -0.0242648 -0.0469549 0 0 0   -0.011 -0.02329  0.04412 -0.00510035 -0.00816751 -0.00167564   0.0101516 -0.00593563  0.00872954  0.0193268 -0.0362966 0.00895199   0.223027 0.00708571   -9.80646 
             16.0997   0.672869   0.295686 -0.0410638 0.00524677 -0.0240509 -0.0537068 0 0 0   -0.011 -0.02329  0.04412 0.00446762 -0.0117319  -0.010662  0.00999745 -0.00605137   0.0088294  0.0191582  -0.036375 0.00972804   0.223191 0.00722381   -9.80646 
             16.1996   0.489417   0.353007 -0.0333271 0.00300662  -0.023535 -0.0494954 0 0 0   -0.011 -0.02329  0.04412  -0.00156657   -0.0069229 -0.000123685  0.0101573 -0.0060948 0.00882133  0.0194197 -0.0365497 0.00910176   0.222963 0.00730555   -9.80646 
             16.2997   0.681002   0.160206 0.00712069 0.00536137 -0.0227523 -0.0512899 0 0 0   -0.011 -0.02329  0.04412 0.000128498  -0.0104737 -0.00337198   0.0099822 -0.00591739  0.00878242  0.0191486 -0.0367077 0.00930214   0.223186 0.00745097   -9.80646 
             16.3997   0.634305   0.159041 -0.0537312 0.00787073 -0.0261871 -0.0542311 0 0 0   -0.011 -0.02329  0.04412  0.00409707  -0.0199304 -0.00948573   0.0100298 -0.00591913  0.00884186  0.0189107 -0.0365006 0.00960148   0.223381 0.00731374   -9.80645 
             16.4999  0.556253   0.19115 -0.103339 0.00758084 -0.0281525 -0.0506511 0 0 0   -0.011 -0.02329  0.04412 0.000223922  -0.0211488  -0.0038043   0.0101041 -0.00594936  0.00888985  0.0189819 -0.0365281 0.00909396   0.223319 0.00729345   -9.80645 
             16.5998  0.519407  0.188958 0.0334582 0.00504285 -0.0261424 -0.0464064 0 0 0   -0.011 -0.02329  0.04412 -0.00741361  -0.0125247  0.00628102   0.0101435 -0.00594829  0.00876001  0.0192183 -0.0369049 0.00856332   0.223121 0.00754639   -9.80646 
             16.6997  0.537221   0.12024 0.0139151 0.00447299  -0.024614 -0.0455453 0 0 0   -0.011 -0.02329  0.04412 -0.0122118 -0.0096303 0.00653653   0.0101284 -0.00588419  0.00878126  0.0191685 -0.0371568 0.00851863   0.223158 0.00774309   -9.80646 
             16.7999  0.531468  0.270905 -0.105235 0.00511552 -0.0278644 -0.0513177 0 0 0   -0.011 -0.02329  0.04412 -0.00558615  -0.0182192 -0.00608464   0.0101368 -0.00601479  0.00888221  0.0190065 -0.0369399 0.00922941   0.223297 0.00762402   -9.80646 
             16.8997  0.534811  0.128341 -0.113636 0.00459496 -0.0263347 -0.0472487 0 0 0   -0.011 -0.02329  0.04412 -0.00944602  -0.0119563 0.000355609  0.0101334 -0.0058843 0.00888817  0.0189927 -0.0372421 0.00872618   0.223299 0.00783044   -9.80645 
             17.0016    0.62999  0.0751948 -0.0579042 0.00456631 -0.0280464 -0.0437049 0 0 0   -0.011 -0.02329  0.04412 -0.0102379 -0.0156559 0.00797665  0.0100467 -0.0058304 0.00883571  0.0188979 -0.0372299 0.00836925   0.223371 0.00780218   -9.80645 
             17.0996  0.663072 0.0789688    -0.142  0.0045675 -0.0285932 -0.0465806 0 0 0   -0.011 -0.02329  0.04412 -0.00953492  -0.0179724  0.00343939   0.0100182 -0.00582982  0.00891337  0.0187789 -0.0373249 0.00877509   0.223471 0.00789905   -9.80645 
             17.2002   0.569959   0.246163 -0.0729897 0.00213724 -0.0264598 -0.0463433 0 0 0   -0.011 -0.02329  0.04412  -0.012454 -0.0114948 0.00474411   0.0101075 -0.00598801  0.00885011   0.018929 -0.0376515  0.0087528  0.223352 0.0081528  -9.80645 
             17.2996 0.603374 0.199882 0.109467 0.00472735 -0.0266903 -0.0487627 0 0 0   -0.011 -0.02329  0.04412   -0.005845  -0.0140732 -0.00214457   0.0100801 -0.00595013  0.00867948  0.0185861  -0.037726 0.00907154   0.223634 0.00822586   -9.80645 
             17.3998   0.652968  0.0931781 -0.0803285 0.00417469 -0.0261613 -0.0459873 0 0 0   -0.011 -0.02329  0.04412 -0.0103641 -0.0139114 0.00115705  0.0100346 -0.0058506 0.00885681  0.0185682 -0.0379202 0.00874732   0.223642 0.00835808   -9.80645 
             17.4996   0.721563 -0.0664911  -0.231978 0.00674566 -0.0271005 -0.0498791 0 0 0   -0.011 -0.02329  0.04412  -0.0062303  -0.0183472 -0.00404403  0.00997379 -0.00569845  0.00899706  0.0182074 -0.0379573 0.00922563   0.223941 0.00841807   -9.80644 
             17.5997 0.511407  0.19931 0.111523 0.00471737 -0.0249715  -0.047075 0 0 0   -0.011 -0.02329  0.04412  -0.0095352 -0.00940896  0.00476453    0.010171 -0.00594415  0.00868503  0.0183613  -0.038285 0.00886817   0.223811 0.00864656   -9.80644 
                17.7       0.5495 -0.000275038   -0.0192407 0.00566027 -0.0234956 -0.0419426 0 0 0   -0.011 -0.02329  0.04412  -0.0140627 -0.00650437    0.011236   0.0101392 -0.00576647  0.00880418  0.0181492  -0.038521 0.00837117    0.22396 0.00879465   -9.80644 
             17.7998   0.703495  0.0850842 -0.0867094 0.00417826 -0.0236054 -0.0469586 0 0 0   -0.011 -0.02329  0.04412  -0.0141324  -0.0123382 -0.00145965   0.0100037 -0.00584455  0.00886692  0.0181703 -0.0385599 0.00901377   0.223973 0.00886947   -9.80644 
             17.8996  0.615292  0.337798 0.0155869 0.000125773  -0.0206372  -0.0436727 0 0 0   -0.011 -0.02329  0.04412  -0.0161354 -0.00405712   0.0059805   0.0100844 -0.00606764  0.00877727  0.0184395 -0.0389191 0.00863895   0.223741 0.00911473   -9.80644 
             17.9996  0.612529 0.0497692 -0.137377 0.00162671 -0.0222634 -0.0398606 0 0 0   -0.011 -0.02329  0.04412  -0.0154196 -0.00859383   0.0142661   0.0100877 -0.00580438  0.00891153   0.018102 -0.0388485 0.00834301    0.22399 0.00904502   -9.80644 
             18.0996   0.714263  0.0775566 -0.0288645 0.00270576 -0.0235394 -0.0402817 0 0 0   -0.011 -0.02329  0.04412 -0.0130797 -0.0156424  0.0118396   0.0100012 -0.00583552  0.00881324  0.0178586 -0.0388308 0.00853859   0.224188 0.00905064   -9.80643 
             18.1997   0.754365 -0.0873208  -0.214882 0.00523515 -0.0285451 -0.0443627 0 0 0   -0.011 -0.02329  0.04412   -0.0103226   -0.0301194 -0.000445805  0.00996902 -0.00569475  0.00897903  0.0174914 -0.0385429 0.00911065   0.224501 0.00888026   -9.80643 
             18.2996    0.38954   0.198169 -0.0307523 0.00305612 -0.0292328 -0.0389579 0 0 0   -0.011 -0.02329  0.04412 -0.0130445 -0.0209466  0.0075137  0.0103007 -0.0059541 0.00881379  0.0176165 -0.0387273 0.00853787   0.224376 0.00897368   -9.80643 
             18.3996   0.626458   0.187058 -0.0361957 0.00165601 -0.0248573 -0.0415228 0 0 0   -0.011 -0.02329  0.04412 -0.0135263 -0.0123932  0.0019702    0.010098 -0.00594143  0.00881746  0.0176395 -0.0392534  0.0088859   0.224385 0.00940127   -9.80643 
             18.4997  0.583968   0.16398 -0.164573 0.00382286 -0.0280215 -0.0432036 0 0 0   -0.011 -0.02329  0.04412 -0.00570156   -0.018967 0.000394406   0.0101344 -0.00591883  0.00892803  0.0173276 -0.0390972 0.00911561   0.224635 0.00929744   -9.80642 
             18.5996   0.571878   0.191917 -0.0335817 0.00160756   -0.02562 -0.0448736 0 0 0   -0.011 -0.02329  0.04412  -0.0103103  -0.0120106 -0.00132864   0.0101472 -0.00594595  0.00881321  0.0174774 -0.0394358 0.00926247   0.224535 0.00956677   -9.80643 
             18.6996  0.564447  0.252172 0.0482534 0.000107899  -0.0243517  -0.0466277 0 0 0   -0.011 -0.02329  0.04412   -0.010676 -0.00939605 -0.00566212   0.0101558 -0.00600377  0.00874383    0.01754 -0.0396283 0.00940447   0.224499 0.00972333   -9.80643 
             18.7999  0.895095 0.0362334 -0.341505 0.000755378  -0.0260339   -0.047397 0 0 0   -0.011 -0.02329  0.04412  -0.0114528  -0.0201474 -0.00757251  0.00986607 -0.00580785  0.00908343  0.0173564 -0.0396306 0.00943829   0.22464 0.0097254  -9.80642 
             18.8996  0.546977  0.252917 0.0045004 0.00303324 -0.0251002 -0.0470899 0 0 0   -0.011 -0.02329  0.04412 -0.000914339     -0.01225 -0.000945868   0.0101734 -0.00599789  0.00878347  0.0170983 -0.0398312 0.00937449   0.224838 0.00986948   -9.80642 
             18.9996    0.604597    0.404638 -0.00619326 0.000826348  -0.0248138   -0.047207 0 0 0   -0.011 -0.02329  0.04412 -0.00193253  -0.0116449  0.00107784   0.0101271 -0.00612771  0.00879642  0.0173004 -0.0399688  0.0093445   0.224688 0.00997315   -9.80642 
